1784
7134
477
9689
-8338
6848
9641
-7928
-4372
-1047
7142
9575
873
-7837
-5496
1197
-6060
-596
-4954
4579
-227
1835
-9666
929
-237
1728
7994
-5127
5418
-6305
-7630
145
7776
-5889
-7566
9783
2559
-7666
7356
-784
7813
-9625
305
6034
-9822
-7546
-4211
-7789
3778
923
-9328
-542
-3827
-898
164
436
9195
9474
-8165
4193
-2389
-9715
-4583
-2704
-9531
-5658
-1613
8752
-4065
-3536
-7402
-599
-3827
-4938
-9558
1714
-6915
1991
-2504
1316
-4270
-1979
-8342
-9553
-3409
-1672
-3021
9324
2422
-6584
-6737
-1166
49
-9717
-3124
4365
1969
6940
5352
-724
-5291
-3027
-1796
3994
5422
-4002
186
2447
9216
2862
-7820
-953
843
9585
-8323
-4204
-7221
-318
-5997
5488
-515
-5605
6877
-6187
-2428
-3709
-6703
2032
-6038
-6040
8122
-365
5002
-3538
-6056
-8117
-1842
-890
7176
-2031
1396
2018
9318
-2076
-3017
839
-7824
8279
-7541
-1180
-4147
3271
-7224
-3805
-1107
2513
2059
3005
7090
1889
-5670
-5133
-5200
941
1670
-5286
-719
-1597
2102
502
7901
-224
-6047
3595
-4680
-316
-7332
-5584
683
-8190
3157
3493
-1464
6235
-7425
-3834
-9464
5613
-9712
609
-4105
-2488
-7769
-4540
-429
1602
-6159
-3622
-2160
-4660
-8210
2616
6624
3269
-7281
3826
753
-3027
-5693
-9644
-265
-4100
2835
4174
6060
-5613
-4022
143
1877
-5069
-2855
7541
8743
-2770
250
-9980
4393
3931
-6157
3286
-9828
-9075
5181
-1934
921
-8858
-2202
-5569
-1351
2728
7892
-1126
-9285
-8179
3723
5126
1057
2487
-3728
-6940
7996
-3190
9647
1572
-2870
-5255
-9446
-837
4540
-2466
-6189
9365
-7939
-4626
-7412
2412
1680
-1076
6957
-4615
6201
797
-8234
9291
-4449
284
6790
-8362
8624
-9329
795
4494
2822
1498
-5382
-9580
3944
-3182
-6799
912
8596
-7916
3547
-8737
-7621
887
-3324
-7985
334
512
-2227
5993
-2472
-8523
7699
8334
2252
-1773
1739
-2746
-1984
4899
-5231
-5804
825
1003
385
6670
-5462
-4414
-3867
-3765
5687
1158
-7343
4958
767
-2191
5227
-2750
1626
9864
-3442
8278
-9090
9814
-8495
140
1064
-7975
-220
2077
-4582
-3492
-5925
-673
-8512
-1531
-7058
89
-8809
-2065
1343
-7563
-1745
-7142
-6050
9143
5488
-8766
3913
-3474
-9156
-6226
-7176
-1943
-7372
-5462
-4807
6252
1086
9814
855
1699
-3292
-1184
-5824
3382
1440
-2896
3623
-227
7575
-7261
7015
-234
2052
890
1737
-3691
4503
1011
-9240
9499
-643
-8136
-9645
4938
2049
-873
-7949
87
-2509
-1901
-6355
5505
1928
-5640
-9878
-1662
1251
-1516
1429
3076
-173
-220
-1851
341
-6628
-8211
-8164
-7266
-7302
-404
-3857
2160
6308
-5104
7206
-5984
6541
-4793
4326
5237
7697
8982
1102
-8865
-6418
-5107
-6849
2506
-1360
-8519
2400
8372
1010
828
-9600
-6309
9057
-2310
1565
-7046
-5341
-7498
1093
-2090
4153
-4611
-8133
-3052
4865
1920
8316
-2835
735
1864
-3390
2788
-7204
8613
1320
-8392
-3665
3336
-6992
-4939
1116
-5902
-990
-3248
-7974
-3669
-1323
-7470
-870
8919
6227
-2444
-1340
-3001
7096
-6355
5476
2092
-1797
1512
645
-5487
592
153
8700
-7062
-2195
-2927
-9623
1351
-7700
-9200
1530
-7443
4337
-1669
-7024
-25
-2036
814
-8219
1721
-2719
-7917
8910
3445
-2842
-7724
-6242
7762
6060
-4211
-2452
-2470
-5022
-8826
-3722
7266
3670
-8865
-9883
-7105
2525
2573
-8365
-7145
-2602
-9820
1450
4790
-4278
9877
750
-1470
-2122
-1189
1758
-3183
2284
-5200
-744
-7046
3543
7685
2107
-5655
-7874
-4110
-1488
1911
-7669
1738
-1781
2009
9132
83
-561
-4681
-3975
-9612
2000
-5760
4215
-8880
29
3420
3996
-9229
-9859
-6270
-8556
-3030
-6023
-4628
196
-3241
-8934
8456
-3027
-2939
4244
1936
2323
1465
-7644
8955
-2625
-5942
2646
565
-4063
-7245
5259
4621
4442
-3034
4376
-3090
-3271
99
306
-5296
-6588
-9975
-5911
1936
-9318
-20
-3822
1725
-649
5704
-9686
8852
4535
7541
1815
-9329
1246
1788
-4111
-5415
-9256
-9816
2401
-9403
-1092
-4672
7177
1504
9526
-3660
6277
7556
1862
-8234
-7312
1550
2019
-1044
810
8850
1667
-7837
-7816
621
511
1830
-9108
-8612
5171
-3954
-9273
-9109
6404
5756
-2084
-5872
-8379
677
-8489
-3846
-6277
6446
-4610
-7068
-9729
2713
-7433
-434
-6427
-1762
-2198
4589
9531
2269
552
-2814
-8621
-3630
2732
937
-6620
3403
1185
-557
1230
-5578
9604
8310
2557
-9794
-2613
-3741
-1456
-5224
1062
-2919
858
2713
7909
5016
905
-4053
-2853
2072
-2715
-9889
-2495
-5061
-3845
2308
-4514
9216
-1158
-8551
-91
-6119
-1346
8543
3040
768
428
435
1740
-795
7261
-2437
4484
-917
-8194
-129
-4637
-5548
8086
-1318
-1692
1722
-6454
1872
2060
-512
6206
-6270
-6614
4488
4957
1568
2013
-4634
-5
-2113
2648
-9740
985
-3861
-1566
-1177
-663
8446
161
-9149
-9966
-2222
1271
-4661
-4618
-7853
-403
2331
-4334
-6311
-9840
-7111
-1978
9365
6745
-4919
-5067
5097
-463
-4032
-1073
9629
-4908
2844
3181
3119
-1739
-1838
1053
-1526
-4093
9895
2272
-7877
-2165
-2877
-4593
6688
-130
2755
4197
-4511
-7019
-818
441
-188
881
-5077
714
-1764
-4088
9745
-5760
-9951
-8579
2942
7473
-4570
-5522
-3284
-3423
-3897
-7148
-6207
142
8545
-1977
5701
-6869
2823
-1472
218
-502
-1774
323
-1145
-7040
-6920
-5571
-9226
4675
7136
2570
-5569
9847
1141
-2310
-4956
3050
-6311
-1036
8734
-4803
8892
-100
-1513
-4924
-755
-6575
8954
-8592
5712
-6182
-7992
-7638
-591
-8317
-3923
7426
-5416
-7902
9458
1770
-2722
9567
-4717
-5220
-8770
-6733
2004
611
1231
-6704
-624
-1447
7345
-735
-13
-5524
-2553
-1901
-1559
-7322
5156
6229
-4523
622
6504
-9284
-4698
-4727
-83
-854
-3833
4613
-3139
-3344
-4298
-9577
-8409
-1935
1208
-413
721
-5720
3019
-1060
-6160
-7987
-5637
13
-2602
4725
473
-2729
8363
-4904
-887
5307
-929
-3690
6363
-8645
-1762
1372
-3843
5629
-6586
515
-6161
-3952
-1867
5307
1175
913
-9689
-8186
8789
2703
926
1447
-3943
-3442
8834
-6019
-492
3401
7180
-6933
-1299
-5508
-611
-1254
6613
-2655
-44
-2112
284
441
2720
-5245
4293
-9490
5875
-5703
-9512
8726
-5288
-3438
-3272
