-9980
-9975
-9966
-9951
-9889
-9883
-9878
-9859
-9840
-9828
-9822
-9820
-9816
-9794
-9740
-9729
-9717
-9715
-9712
-9689
-9686
-9666
-9645
-9644
-9625
-9623
-9612
-9600
-9580
-9577
-9558
-9553
-9531
-9512
-9490
-9464
-9446
-9403
-9329
-9329
-9328
-9318
-9285
-9284
-9273
-9256
-9240
-9229
-9226
-9200
-9156
-9149
-9109
-9108
-9090
-9075
-8934
-8880
-8865
-8865
-8858
-8826
-8809
-8770
-8766
-8737
-8645
-8621
-8612
-8592
-8579
-8556
-8551
-8523
-8519
-8512
-8495
-8489
-8409
-8392
-8379
-8365
-8362
-8342
-8338
-8323
-8317
-8234
-8234
-8219
-8211
-8210
-8194
-8190
-8186
-8179
-8165
-8164
-8136
-8133
-8117
-7992
-7987
-7985
-7975
-7974
-7949
-7939
-7928
-7917
-7916
-7902
-7877
-7874
-7853
-7837
-7837
-7824
-7820
-7816
-7789
-7769
-7724
-7700
-7669
-7666
-7644
-7638
-7630
-7621
-7566
-7563
-7546
-7541
-7498
-7470
-7443
-7433
-7425
-7412
-7402
-7372
-7343
-7332
-7322
-7312
-7302
-7281
-7266
-7261
-7245
-7224
-7221
-7204
-7176
-7148
-7145
-7142
-7111
-7105
-7068
-7062
-7058
-7046
-7046
-7040
-7024
-7019
-6992
-6940
-6933
-6920
-6915
-6869
-6849
-6799
-6737
-6733
-6704
-6703
-6628
-6620
-6614
-6588
-6586
-6584
-6575
-6454
-6427
-6418
-6355
-6355
-6311
-6311
-6309
-6305
-6277
-6270
-6270
-6242
-6226
-6207
-6189
-6187
-6182
-6161
-6160
-6159
-6157
-6119
-6060
-6056
-6050
-6047
-6040
-6038
-6023
-6019
-5997
-5984
-5942
-5925
-5911
-5902
-5889
-5872
-5824
-5804
-5760
-5760
-5720
-5703
-5693
-5670
-5658
-5655
-5640
-5637
-5613
-5605
-5584
-5578
-5571
-5569
-5569
-5548
-5524
-5522
-5508
-5496
-5487
-5462
-5462
-5416
-5415
-5382
-5341
-5296
-5291
-5288
-5286
-5255
-5245
-5231
-5224
-5220
-5200
-5200
-5133
-5127
-5107
-5104
-5077
-5069
-5067
-5061
-5022
-4956
-4954
-4939
-4938
-4924
-4919
-4908
-4904
-4807
-4803
-4793
-4727
-4717
-4698
-4681
-4680
-4672
-4661
-4660
-4637
-4634
-4628
-4626
-4618
-4615
-4611
-4610
-4593
-4583
-4582
-4570
-4540
-4523
-4514
-4511
-4449
-4414
-4372
-4334
-4298
-4278
-4270
-4211
-4211
-4204
-4147
-4111
-4110
-4105
-4100
-4093
-4088
-4065
-4063
-4053
-4032
-4022
-4002
-3975
-3954
-3952
-3943
-3923
-3897
-3867
-3861
-3857
-3846
-3845
-3843
-3834
-3833
-3827
-3827
-3822
-3805
-3765
-3741
-3728
-3722
-3709
-3691
-3690
-3669
-3665
-3660
-3630
-3622
-3538
-3536
-3492
-3474
-3442
-3442
-3438
-3423
-3409
-3390
-3344
-3324
-3292
-3284
-3272
-3271
-3248
-3241
-3190
-3183
-3182
-3139
-3124
-3090
-3052
-3034
-3030
-3027
-3027
-3027
-3021
-3017
-3001
-2939
-2927
-2919
-2896
-2877
-2870
-2855
-2853
-2842
-2835
-2814
-2770
-2750
-2746
-2729
-2722
-2719
-2715
-2704
-2655
-2625
-2613
-2602
-2602
-2553
-2509
-2504
-2495
-2488
-2472
-2470
-2466
-2452
-2444
-2437
-2428
-2389
-2310
-2310
-2227
-2222
-2202
-2198
-2195
-2191
-2165
-2160
-2122
-2113
-2112
-2090
-2084
-2076
-2065
-2036
-2031
-1984
-1979
-1978
-1977
-1943
-1935
-1934
-1901
-1901
-1867
-1851
-1842
-1838
-1797
-1796
-1781
-1774
-1773
-1764
-1762
-1762
-1745
-1739
-1692
-1672
-1669
-1662
-1613
-1597
-1566
-1559
-1531
-1526
-1516
-1513
-1488
-1472
-1470
-1464
-1456
-1447
-1360
-1351
-1346
-1340
-1323
-1318
-1299
-1254
-1189
-1184
-1180
-1177
-1166
-1158
-1145
-1126
-1107
-1092
-1076
-1073
-1060
-1047
-1044
-1036
-990
-953
-929
-917
-898
-890
-887
-873
-870
-854
-837
-818
-795
-784
-755
-744
-735
-724
-719
-673
-663
-649
-643
-624
-611
-599
-596
-591
-561
-557
-542
-515
-512
-502
-492
-463
-434
-429
-413
-404
-403
-365
-318
-316
-265
-237
-234
-227
-227
-224
-220
-220
-188
-173
-130
-129
-100
-91
-83
-44
-25
-20
-13
-5
13
29
49
83
87
89
99
140
142
143
145
153
161
164
186
196
218
250
284
284
305
306
323
334
341
385
428
435
436
441
441
473
477
502
511
512
515
552
565
592
609
611
621
622
645
677
683
714
721
735
750
753
767
768
795
797
810
814
825
828
839
843
855
858
873
881
887
890
905
912
913
921
923
926
929
937
941
985
1003
1010
1011
1053
1057
1062
1064
1086
1093
1102
1116
1141
1158
1175
1185
1197
1208
1230
1231
1246
1251
1271
1316
1320
1343
1351
1372
1396
1429
1440
1447
1450
1465
1498
1504
1512
1530
1550
1565
1568
1572
1602
1626
1667
1670
1680
1699
1714
1721
1722
1725
1728
1737
1738
1739
1740
1758
1770
1784
1788
1815
1830
1835
1862
1864
1872
1877
1889
1911
1920
1928
1936
1936
1969
1991
2000
2004
2009
2013
2018
2019
2032
2049
2052
2059
2060
2072
2077
2092
2102
2107
2160
2252
2269
2272
2284
2308
2323
2331
2400
2401
2412
2422
2447
2487
2506
2513
2525
2557
2559
2570
2573
2616
2646
2648
2703
2713
2713
2720
2728
2732
2755
2788
2822
2823
2835
2844
2862
2942
3005
3019
3040
3050
3076
3119
3157
3181
3269
3271
3286
3336
3382
3401
3403
3420
3445
3493
3543
3547
3595
3623
3670
3723
3778
3826
3913
3931
3944
3994
3996
4153
4174
4193
4197
4215
4244
4293
4326
4337
4365
4376
4393
4442
4484
4488
4494
4503
4535
4540
4579
4589
4613
4621
4675
4725
4790
4865
4899
4938
4957
4958
5002
5016
5097
5126
5156
5171
5181
5227
5237
5259
5307
5307
5352
5418
5422
5476
5488
5488
5505
5613
5629
5687
5701
5704
5712
5756
5875
5993
6034
6060
6060
6201
6206
6227
6229
6235
6252
6277
6308
6363
6404
6446
6504
6541
6613
6624
6670
6688
6745
6790
6848
6877
6940
6957
7015
7090
7096
7134
7136
7142
7176
7177
7180
7206
7261
7266
7345
7356
7426
7473
7541
7541
7556
7575
7685
7697
7699
7762
7776
7813
7892
7901
7909
7994
7996
8086
8122
8278
8279
8310
8316
8334
8363
8372
8446
8456
8543
8545
8596
8613
8624
8700
8726
8734
8743
8752
8789
8834
8850
8852
8892
8910
8919
8954
8955
8982
9057
9132
9143
9195
9216
9216
9291
9318
9324
9365
9365
9458
9474
9499
9526
9531
9567
9575
9585
9604
9629
9641
9647
9689
9745
9783
9814
9814
9847
9864
9877
9895
